7.96
8.31
11.61
9.72
9.19
10.3
8.3
10.56
11.41
11.03
7.4
7.66
7.7
11.63
8.34
7.93
8.61
7.12
10.5
9.04
10.32
8.35
7.44
10.89
9.
11.8
8.32
7.13
10.99
8.98
10.2
11.39
10.37
10.55
10.19
10.94
9.14
8.18
8.01
9.18
7.27
11.49
11.87
9.78
8.99
7.06
8.27
8.22
7.09
11.48
7.65
9.3
10.56
9.31
8.12
9.84
11.11
9.
9.1
11.68
8.23
10.16
10.17
9.45
11.16
7.11
7.45
7.5
9.51
10.63
10.99
7.97
7.39
11.98
11.37
9.23
10.72
9.55
7.6
8.57
7.16
10.15
11.7
7.14
8.2
11.56
11.5
7.71
9.8
10.18
9.01
10.77
7.51
9.95
10.35
9.69
7.9
8.24
8.63
8.82